<?xml version="1.0"?>
<opencv_storage>
<Hist type_id="opencv-matrix">
  <rows>256</rows>
  <cols>1</cols>
  <dt>f</dt>
  <data>
    1. 1. 8. 9. 22. 23. 32. 38. 38. 35. 35. 24. 32. 34. 35. 22. 29. 22.
    30. 28. 22. 32. 17. 28. 26. 31. 31. 21. 32. 24. 23. 27. 21. 20. 12.
    23. 14. 25. 20. 27. 18. 18. 27. 40. 33. 36. 46. 33. 33. 29. 34. 34.
    25. 33. 34. 29. 30. 42. 39. 59. 53. 49. 44. 42. 41. 50. 47. 46. 51.
    69. 46. 60. 89. 72. 100. 92. 88. 104. 126. 117. 140. 137. 138. 151.
    180. 193. 211. 233. 237. 232. 234. 238. 228. 266. 278. 275. 262.
    278. 246. 256. 256. 232. 203. 222. 210. 213. 203. 220. 214. 195.
    213. 186. 186. 215. 219. 213. 206. 208. 190. 191. 211. 219. 196.
    231. 195. 184. 201. 169. 186. 209. 189. 177. 165. 163. 159. 151.
    146. 151. 117. 119. 126. 110. 117. 105. 96. 104. 105. 82. 65. 61.
    78. 92. 55. 58. 55. 43. 50. 54. 41. 32. 28. 16. 5. 7. 2. 3. 5. 3. 1.
    2. 1. 1. 0. 1. 0. 1. 0. 2. 0. 1. 0. 0. 0. 0. 0. 2. 0. 0. 1. 0. 0. 0.
    1. 1. 0. 0. 1. 2. 0. 0. 0. 0. 0. 1. 2. 0. 0. 2. 0. 0. 1. 0. 0. 0. 0.
    0. 0. 0. 0. 0. 0. 0. 0. 0. 0. 0. 0. 0. 0. 0. 0. 0. 0. 0. 0. 0. 0. 0.
    0. 0. 0. 0. 0. 0. 0. 0. 0. 0. 0. 0. 0. 0. 0. 0. 0. 0.</data></Hist>
</opencv_storage>
