<?xml version="1.0"?>
<opencv_storage>
<output type_id="opencv-matrix">
  <rows>301</rows>
  <cols>1</cols>
  <dt>f</dt>
  <data>
    1946250. 2166412. 1501258. 1435589. 1605959. 1820300. 2030652.
    2121214. 1300011. 1427375. 1570326. 1493012. 1600945. 1690005.
    2357066. 1815777. 1744321. 2107709. 1531511. 1552783. 2134328.
    2252873. 1689501. 1924495. 1674972. 2178802. 2059550. 1925310.
    1692342. 1942112. 1799478. 2435457. 2238455. 2062899. 1677705.
    1534509. 2594656. 1314488. 1243823. 1243984. 1515903. 1909968.
    1661458. 1587615. 1770527. 1866718. 2123046. 2207075. 1998773.
    2183034. 1857297. 1726588. 1613446. 1730046. 2205701. 2778292.
    1764881. 1936109. 1952770. 1822714. 1770442. 1126083. 1501869.
    1578375. 2089999. 1828716. 1829123. 1837343. 1629805. 1881557.
    1987964. 2017112. 1814246. 1717352. 1291340. 1437366. 1766826.
    2132803. 2381743. 2912266. 2866989. 2751940. 2192754. 2160433.
    1636324. 1974510. 1927868. 2109733. 2222906. 1854359. 2148607.
    1320099. 1476590. 1659162. 1659606. 2252948. 2118194. 2350327.
    1992895. 1964157. 2123772. 1630701. 1629362. 1995190. 1288545.
    2126069. 1953292. 2021956. 1733557. 2409050. 2426238. 1414798.
    1343527. 1501315. 1774753. 2412726. 1855395. 1951972. 1810699.
    1936319. 2235281. 1836956. 2016140. 1707049. 1503963. 1491708.
    2008548. 1920818. 2537401. 1618959. 2406817. 2010934. 2191774.
    2738299. 2011180. 2402755. 2357475. 2788132. 2615300. 1953952.
    1496542. 1597821. 1804785. 1502556. 1537103. 1878479. 1464026.
    1829705. 2085667. 1740863. 2425696. 2306626. 1643533. 2573159.
    3215909. 2401653. 1719968. 1909924. 1734894. 2202548. 2589410.
    1878071. 1563032. 1861136. 1983535. 1652242. 2350487. 2072937.
    1852498. 2002679. 1957223. 1511661. 1421056. 1491766. 2371133.
    2214576. 2372885. 2748088. 1779449. 2223948. 1542062. 1675598.
    1424824. 1524972. 2221505. 1435210. 1395772. 1387837. 1457342.
    1488528. 1517761. 1941778. 1857657. 1597023. 1518091. 1494699.
    1571278. 1643035. 1570541. 1663872. 1999105. 1516408. 1443739.
    1762645. 2282373. 1643661. 1572928. 1825391. 1796701. 2155901.
    2108627. 1612523. 1908362. 1517602. 2848823. 2684374. 2916245.
    2880505. 1539715. 1690433. 1401709. 1528378. 2540805. 2027466.
    1601943. 1674166. 2027168. 1925829. 1487202. 2296816. 2235978.
    1401548. 1974397. 2489530. 1939223. 2061654. 2109759. 2892774.
    2878612. 1535234. 1929566. 1813847. 1818991. 1688880. 1751558.
    1919045. 2379899. 1513312. 1603150. 1797026. 1898732. 1864496.
    1793317. 2118760. 1969860. 1433936. 1638526. 1764712. 1673906.
    1946718. 1680604. 1760630. 2208658. 2396919. 2759149. 1953971.
    2187105. 2289667. 2117454. 1808566. 1670948. 2271677. 1963815.
    1713314. 1713757. 1953277. 1725729. 2001316. 1970501. 1645983.
    1886669. 1605691. 1813898. 2246649. 2035917. 1462640. 1888751.
    1918951. 1803781. 1950179. 1903977. 2055210. 1807588. 1786396.
    1809654. 1283769. 1851642. 1428440. 2040807. 2124288. 2175433.</data></output>
</opencv_storage>
