<?xml version="1.0"?>
<opencv_storage>
<output type_id="opencv-matrix">
  <rows>173</rows>
  <cols>1</cols>
  <dt>f</dt>
  <data>
    2141090. 1689092. 2101125. 1735634. 1722855. 1832129. 1822406.
    1792108. 1673191. 1848865. 2349665. 2232282. 2077699. 1887781.
    2147249. 2092771. 2121677. 2334636. 2204466. 2000729. 2044314.
    2009764. 1821280. 1791571. 2337733. 2806312. 2217663. 2190845.
    1790813. 1729500. 1672461. 2065890. 1682585. 1866792. 1644254.
    1541782. 2037208. 2471256. 2284071. 1899254. 1477633. 1438286.
    1528081. 1435297. 1429928. 1348627. 1448731. 1299113. 1440612.
    1440445. 1557012. 1420586. 2273892. 2119111. 2139409. 2075652.
    1623522. 1454919. 2122283. 1951315. 2124916. 2091825. 1767701.
    1775727. 1670450. 1728483. 2360781. 2231218. 2058409. 2193786.
    2158832. 2129033. 2252932. 2327933. 2329155. 2220764. 2140264.
    2257409. 1959378. 2173947. 1936174. 1909184. 1751323. 1501299.
    1832241. 1643716. 1822219. 2061497. 1753167. 2026966. 2200595.
    1955468. 2832928. 2253416. 2129525. 2278041. 2300588. 1943526.
    2142213. 2197602. 2031727. 1467017. 2312352. 2375818. 2383144.
    2088465. 1456349. 1617138. 1956845. 1693192. 1571655. 1449000.
    1483529. 1390250. 1381885. 1388523. 1291371. 1300660. 1939635.
    2145602. 2058843. 1959621. 1383912. 1304818. 1543819. 1645108.
    2306120. 2310463. 2013879. 1987233. 1789051. 1941995. 2085212.
    1855621. 1672682. 1769137. 1650738. 2011565. 2759048. 2663619.
    2406316. 2354863. 1779292. 2440702. 2424156. 2291254. 3332238.
    1801297. 1882862. 1705295. 1491128. 2042973. 1682832. 1730492.
    1671562. 1899926. 2016742. 2411129. 1624839. 1817624. 1590820.
    2020950. 2177429. 2094162. 1986752. 2169332. 1997305. 1788843.
    1907373. 2107859. 1945107. 2340020. 2376372.</data></output>
</opencv_storage>
