<?xml version="1.0"?>
<opencv_storage>
<output type_id="opencv-matrix">
  <rows>499</rows>
  <cols>1</cols>
  <dt>f</dt>
  <data>
    4.86485213e-001 5.54733515e-001 4.87033904e-001 5.03967762e-001
    5.01659155e-001 5.71166635e-001 5.31580508e-001 5.06763101e-001
    5.09611487e-001 5.05686641e-001 5.08045733e-001 4.92141068e-001
    6.19439602e-001 5.83364785e-001 4.58919227e-001 3.86520356e-001
    5.48967361e-001 4.86529350e-001 4.38042998e-001 4.24163699e-001
    5.66533148e-001 5.75740933e-001 5.31896174e-001 4.79858547e-001
    5.77589273e-001 4.27441388e-001 4.21440333e-001 5.04779696e-001
    5.21333396e-001 5.48694670e-001 4.88916188e-001 6.29389107e-001
    5.76504648e-001 5.20632684e-001 4.97110426e-001 3.62374455e-001
    5.08440852e-001 5.24366379e-001 4.49053466e-001 5.12136340e-001
    6.15682662e-001 5.13546586e-001 4.35772985e-001 5.10381520e-001
    5.36746562e-001 4.96890008e-001 4.88853902e-001 4.87714261e-001
    4.89747286e-001 5.94383538e-001 5.73903680e-001 6.12662315e-001
    6.05549216e-001 5.65894127e-001 5.39702058e-001 3.90224516e-001
    4.83381093e-001 4.82204825e-001 4.18509483e-001 5.00305712e-001
    4.94162083e-001 4.72149253e-001 4.93656993e-001 3.95191729e-001
    5.49140453e-001 5.56930482e-001 5.11893511e-001 5.45277059e-001
    5.37247717e-001 5.72208524e-001 5.49813628e-001 5.05293608e-001
    3.85928661e-001 6.14862204e-001 5.81869423e-001 4.97559696e-001
    4.84522700e-001 5.02676547e-001 4.90702033e-001 5.09652555e-001
    5.35868764e-001 3.90259415e-001 3.57473731e-001 5.83502889e-001
    3.62384409e-001 3.95171016e-001 4.47418272e-001 3.59553963e-001
    2.60573804e-001 3.11359525e-001 4.36879575e-001 1.61876202e-001
    3.07297498e-001 4.23401803e-001 3.10102999e-001 5.56435049e-001
    4.06487286e-001 3.62837136e-001 3.94893557e-001 3.62142146e-001
    3.62978637e-001 2.56364971e-001 3.54206622e-001 3.47899377e-001
    4.74789083e-001 3.97557467e-001 2.53759950e-001 2.48791292e-001
    4.77965862e-001 3.26707453e-001 2.47907206e-001 2.46885851e-001
    4.76920426e-001 2.03459814e-001 3.84568214e-001 3.60698313e-001
    5.15211582e-001 3.48428696e-001 2.64298320e-001 2.41627917e-001
    4.29749936e-001 3.75218749e-001 2.07552314e-001 3.35790485e-001
    3.33673954e-001 5.78983605e-001 3.87339085e-001 3.11847210e-001
    3.07535619e-001 5.88855386e-001 3.35015565e-001 3.29080820e-001
    3.26888591e-001 5.63207686e-001 3.33931088e-001 6.30053282e-001
    3.29088390e-001 2.69925058e-001 2.12186635e-001 4.14754301e-001
    2.77004570e-001 3.31234008e-001 2.71756083e-001 5.94136298e-001
    3.16569090e-001 2.43780628e-001 2.23803759e-001 3.34878951e-001
    2.61362940e-001 3.15696180e-001 3.01250577e-001 5.43312073e-001
    4.93135542e-001 3.00068140e-001 2.80567825e-001 4.38672453e-001
    3.27053100e-001 3.00943375e-001 2.55080819e-001 3.90977263e-001
    2.68119305e-001 3.29588771e-001 6.13705516e-001 3.25819165e-001
    4.40344244e-001 2.72686034e-001 4.02320147e-001 3.50506395e-001
    5.46445191e-001 3.35807830e-001 3.81153464e-001 3.25232029e-001
    5.29873610e-001 5.88537872e-001 2.90049613e-001 3.30485463e-001
    3.13517839e-001 4.96539295e-001 2.63870507e-001 4.02392596e-001
    3.62341732e-001 6.04691803e-001 3.57450277e-001 2.80783027e-001
    6.05785668e-001 2.40057364e-001 4.94636357e-001 3.57805282e-001
    2.86328524e-001 6.32048249e-001 3.19072038e-001 2.70894140e-001
    3.08361143e-001 5.13761580e-001 2.04882294e-001 2.95694500e-001
    2.91665375e-001 4.88898546e-001 2.16965869e-001 4.48100358e-001
    4.02423739e-001 4.87362713e-001 3.82528871e-001 3.22006434e-001
    5.53053677e-001 3.08356583e-001 4.18783247e-001 2.90612161e-001
    2.86864012e-001 2.62938946e-001 3.64993334e-001 2.70545423e-001
    3.19840968e-001 2.72014081e-001 3.58137131e-001 4.30515468e-001
    4.05224055e-001 4.29859787e-001 3.63333076e-001 5.37448525e-001
    3.92025530e-001 3.30236971e-001 3.00241798e-001 5.71831346e-001
    1.42209053e-001 3.40154082e-001 4.11153167e-001 6.29078925e-001
    3.46412927e-001 3.72323036e-001 3.62150669e-001 6.83107853e-001
    3.33052695e-001 2.98582256e-001 3.09896469e-001 5.18748462e-001
    3.00834209e-001 3.23654681e-001 3.67338777e-001 5.21664441e-001
    3.83252561e-001 3.67468029e-001 5.61407447e-001 3.25939327e-001
    5.72925150e-001 2.86185741e-001 5.37284136e-001 4.90354985e-001
    3.80479544e-001 5.50079882e-001 3.16513538e-001 3.83744389e-001
    3.60852242e-001 6.39982462e-001 3.79293472e-001 5.54458618e-001
    3.82165372e-001 3.27781469e-001 4.86133069e-001 2.98743784e-001
    4.64810461e-001 4.29936677e-001 5.04713058e-001 4.53284740e-001
    4.29456741e-001 3.95350993e-001 3.32759380e-001 3.28972399e-001
    3.21527272e-001 2.65377194e-001 2.33113885e-001 2.53801614e-001
    3.23755711e-001 2.69767731e-001 2.38082349e-001 5.46371937e-001
    5.00296414e-001 4.46769625e-001 2.56325006e-001 2.64216632e-001
    3.67540658e-001 3.15509290e-001 3.78916770e-001 3.64128351e-001
    2.99421608e-001 2.05198258e-001 2.51068830e-001 2.68940955e-001
    3.36254209e-001 2.17214361e-001 5.49212754e-001 2.82215238e-001
    3.77958864e-001 3.87799978e-001 5.74637532e-001 5.50545037e-001
    5.40984988e-001 5.33591688e-001 3.10370713e-001 3.37723076e-001
    3.73684376e-001 5.10335922e-001 3.71896803e-001 3.98789406e-001
    3.78619164e-001 4.45982873e-001 5.75709403e-001 3.48258287e-001
    5.35617232e-001 4.75878149e-001 2.76286364e-001 4.80262846e-001
    3.62294436e-001 2.70068944e-001 4.60374773e-001 3.99924695e-001
    5.38136005e-001 3.21280509e-001 3.86791497e-001 3.30576092e-001
    3.40231568e-001 4.64094043e-001 3.86930317e-001 3.77405167e-001
    3.38453174e-001 2.74206907e-001 5.19610941e-001 4.38113630e-001
    4.69325155e-001 3.81203979e-001 5.18710732e-001 3.43482167e-001
    6.24274433e-001 3.52451980e-001 2.90733248e-001 2.88677633e-001
    4.96128052e-001 5.49292743e-001 5.22830427e-001 4.64101762e-001
    3.51932794e-001 4.18753684e-001 5.28553188e-001 4.30577278e-001
    3.38208526e-001 4.32407737e-001 4.79300439e-001 4.71195817e-001
    3.07236612e-001 4.08355564e-001 4.78040069e-001 4.71466005e-001
    4.08127338e-001 3.96624684e-001 5.11382341e-001 4.89972711e-001
    4.94372040e-001 3.80409837e-001 2.87337899e-001 4.28478569e-001
    4.86120075e-001 4.87823635e-001 4.09545481e-001 3.58165950e-001
    3.72474164e-001 3.16689789e-001 2.76319653e-001 3.14374208e-001
    3.06133062e-001 4.39477682e-001 3.21036249e-001 2.94208437e-001
    5.57402790e-001 2.66313374e-001 5.04817188e-001 4.18056011e-001
    2.20699146e-001 3.60798955e-001 4.49248672e-001 4.57343757e-001
    3.81064504e-001 5.43829799e-001 4.81954545e-001 3.76177967e-001
    4.80553389e-001 4.26873952e-001 5.01847863e-001 5.45797110e-001
    4.97711957e-001 3.85744393e-001 3.48143309e-001 5.45459509e-001
    5.17325461e-001 4.40872103e-001 3.23755980e-001 4.02310193e-001
    5.04855096e-001 5.12411833e-001 5.47139585e-001 5.04831851e-001
    4.95326698e-001 3.07526469e-001 4.55119580e-001 3.59716535e-001
    3.57546896e-001 4.30931747e-001 4.16878343e-001 4.45432514e-001
    3.43277633e-001 3.51479650e-001 4.37336057e-001 4.97621983e-001
    4.11246240e-001 2.33166486e-001 2.72430718e-001 3.22072178e-001
    4.19289291e-001 4.13130462e-001 3.76664191e-001 3.52739275e-001
    4.24106181e-001 4.41105306e-001 2.89058864e-001 2.67566085e-001
    4.58846927e-001 4.59206730e-001 4.97925490e-001 4.83421385e-001
    3.71266514e-001 4.90985841e-001 4.28133458e-001 4.92000073e-001
    4.52349007e-001 3.19370717e-001 4.60091323e-001 5.63472033e-001
    3.94249320e-001 3.22038591e-001 2.70311326e-001 3.45330864e-001
    4.65722471e-001 3.53153259e-001 3.63169611e-001 2.55061567e-001
    5.49933255e-001 4.34647053e-001 4.10490751e-001 4.30565208e-001
    4.75776792e-001 5.54927528e-001 4.02248502e-001 5.22873104e-001
