<?xml version="1.0"?>
<opencv_storage>
<trainData type_id="opencv-matrix">
  <rows>100</rows>
  <cols>3</cols>
  <dt>d</dt>
  <data>
    1.4345238095238094e-001 1.5962569047619047e+003
    6.7354368932038833e-001 3.6410714285714285e-001
    4.4981958928571430e+003 9.7466960352422893e-001
    6.0011904761904766e-001 9.6102543452380960e+003
    8.7552742616033741e-001 6.3744047619047617e-001
    1.0313172976190475e+004 9.4409282700421926e-001
    3.6327380952380950e-001 4.4692589285714284e+003
    9.3905472636815912e-001 1.2125000000000000e-001
    1.5857264880952380e+003 6.8965517241379304e-001
    3.2452380952380955e-001 2.8302147023809525e+003
    9.4680851063829785e-001 6.6619047619047622e-001
    1.1814628154761906e+004 8.0246913580246915e-001
    6.8386904761904765e-001 1.1736782916666667e+004
    8.6956521739130432e-001 2.9571428571428571e-001
    4.1222972619047623e+003 1.0619918699186992e+000
    3.9083333333333331e-001 2.9095181547619050e+003
    9.0540540540540537e-001 3.9303571428571427e-001
    3.2533494047619047e+003 8.2222222222222219e-001
    7.1339285714285716e-001 1.2642834166666667e+004
    7.2727272727272729e-001 6.8999999999999995e-001
    1.1573476964285714e+004 7.1428571428571419e-001
    5.2726190476190471e-001 6.6849216666666671e+003
    9.0789473684210531e-001 8.2500000000000004e-002
    1.7503163095238094e+003 6.7500000000000004e-001
    3.3577380952380953e-001 4.2856021428571430e+003
    9.6666666666666667e-001 5.8333333333333337e-001
    8.4629174999999996e+003 8.8900862068965503e-001
    5.0892857142857140e-001 6.4380172023809528e+003
    9.1261061946902644e-001 3.0220238095238094e-001
    4.0159406547619046e+003 9.7826086956521729e-001
    6.3928571428571432e-002 1.7463876785714285e+003
    6.3995215311004783e-001 3.3773809523809523e-001
    3.6043983928571429e+003 1.0032894736842104e+000
    5.9267857142857139e-001 9.6381530357142856e+003
    9.7609561752988039e-001 6.6267857142857145e-001
    1.1159855892857142e+004 8.4263392857142849e-001
    2.2857142857142856e-001 2.5788929761904760e+003
    8.9727722772277219e-001 2.6488095238095238e-001
    2.4110072023809525e+003 9.0000000000000002e-001
    4.7619047619047616e-001 5.5279147023809528e+003
    8.7162162162162160e-001 6.8160714285714286e-001
    1.0122286488095238e+004 8.0128205128205132e-001
    6.7017857142857140e-001 1.1020178690476190e+004
    7.4668141592920345e-001 3.7874999999999998e-001
    3.9144669642857143e+003 9.9226804123711332e-001
    8.7559523809523809e-002 1.7093822023809523e+003
    6.9240196078431371e-001 4.0363095238095237e-001
    5.5288126785714285e+003 9.7409909909909898e-001
    6.4267857142857143e-001 1.0782191488095237e+004
    8.5443037974683533e-001 5.7571428571428573e-001
    8.4227517857142866e+003 1.0035211267605633e+000
    3.3059523809523811e-001 4.2216833928571432e+003
    1.0105140186915886e+000 1.2136904761904761e-001
    1.3918083333333334e+003 7.2183098591549288e-001
    3.2428571428571429e-001 3.2222280357142859e+003
    1.0032188841201717e+000 6.5755952380952376e-001
    1.0883389642857142e+004 8.6734693877551017e-001
    6.6244047619047619e-001 1.1732959226190476e+004
    8.2031249999999989e-001 3.6470238095238094e-001
    4.4207936309523811e+003 9.8333333333333328e-001
    2.5553571428571431e-001 2.8886054166666668e+003
    9.0395480225988700e-001 4.8916666666666669e-001
    5.5924136309523810e+003 8.1129807692307687e-001
    7.3321428571428571e-001 1.1982476428571428e+004
    6.3541666666666663e-001 7.6630952380952377e-001
    1.2395186011904761e+004 6.7354368932038833e-001
    4.1738095238095241e-001 4.6992833928571426e+003
    9.1249999999999998e-001 4.1250000000000002e-002
    2.6581100000000001e+003 6.4975247524752466e-001
    3.9910714285714288e-001 5.5864703571428572e+003
    9.8933649289099523e-001 5.8125000000000004e-001
    8.6597609523809515e+003 8.8862559241706152e-001
    6.1422619047619043e-001 1.0122371488095238e+004
    8.7500000000000000e-001 3.0035714285714288e-001
    4.2031632738095241e+003 1.0167464114832534e+000
    6.9940476190476192e-002 1.8652073214285715e+003
    6.0880829015544036e-001 2.6488095238095238e-001
    3.3455546428571429e+003 9.5588235294117641e-001
    5.9238095238095234e-001 9.3923067261904762e+003 1.
    6.4249999999999996e-001 1.1429534523809523e+004
    8.2926829268292679e-001 2.4785714285714286e-001
    2.9728147023809524e+003 9.4907407407407396e-001
    2.4755952380952381e-001 2.6832544047619049e+003
    8.3769633507853392e-001 3.9303571428571427e-001
    4.7958605952380949e+003 8.3552631578947367e-001
    7.2202380952380951e-001 1.1579721428571429e+004
    6.7550505050505050e-001 7.3136904761904764e-001
    1.0996717559523810e+004 7.2513812154696122e-001
    4.5732142857142855e-001 5.3130324404761905e+003
    8.7301587301587291e-001 2.4345238095238097e-002
    3.3043103571428574e+003 6.4893617021276595e-001
    2.3827380952380953e-001 3.0763408928571430e+003
    1.0692148760330578e+000 5.5613095238095234e-001
    7.2772639285714286e+003 1.0491967871485943e+000
    8.1452380952380954e-001 1.4350973154761905e+004
    7.3207171314741026e-001 3.5708333333333331e-001
    4.2416007142857143e+003 1.0467479674796747e+000
    5.7916666666666665e-002 2.5990930357142856e+003
    5.7692307692307687e-001 2.1571428571428572e-001
    2.9868902380952381e+003 9.1971544715447151e-001
    7.1023809523809522e-001 1.1557740773809524e+004
    8.1845238095238082e-001 6.7940476190476196e-001
    1.0778849285714286e+004 8.4980237154150196e-001
    2.0482142857142857e-001 2.0602231547619049e+003
    7.7000000000000002e-001 2.8214285714285714e-001
    2.8575723214285713e+003 8.3333333333333337e-001
    4.2916666666666664e-001 4.6006876785714285e+003
    8.3928571428571430e-001 6.5357142857142858e-001
    9.4084716071428575e+003 8.1808943089430886e-001
    7.1458333333333335e-001 1.0787686488095238e+004
    6.7187500000000000e-001 2.6142857142857145e-001
    2.4819753571428573e+003 7.2115384615384603e-001
    7.1488095238095239e-002 2.0939408928571429e+003
    4.8766816143497754e-001 2.3041666666666666e-001
    2.9185029761904761e+003 9.0217391304347827e-001
    6.0505952380952377e-001 8.9633841666666667e+003
    9.2611336032388658e-001 6.5565476190476191e-001
    9.8672605357142857e+003 8.8607594936708856e-001
    1.4351190476190476e-001 2.4445528571428572e+003
    7.1502057613168724e-001 6.6190476190476188e-002
    2.2966588690476192e+003 6.1961206896551713e-001
    3.6273809523809525e-001 4.9020826190476191e+003
    9.9456521739130432e-001 6.6458333333333330e-001
    1.0456350476190477e+004 8.0357142857142849e-001
    5.9976190476190472e-001 9.6297394047619055e+003
    9.7111553784860549e-001 1.1208333333333333e-001
    2.9581907738095238e+003 7.8893442622950816e-001
    6.1964285714285715e-002 2.0499392857142857e+003
    5.7733050847457623e-001 1.9113095238095237e-001
    3.0119200595238094e+003 8.5968379446640308e-001
    6.4732142857142860e-001 1.0278017202380952e+004
    9.3873517786561267e-001 6.4357142857142857e-001
    1.0730599761904761e+004 9.8814229249011853e-001
    1.3327380952380952e-001 2.8896826190476190e+003
    7.7075098814229248e-001 2.6880952380952383e-001
    2.3804179166666668e+003 9.3413978494623651e-001
    3.6154761904761906e-001 3.2607333928571429e+003
    8.0851063829787229e-001 6.6797619047619050e-001
    9.4887348214285721e+003 7.8602620087336239e-001
    6.8589285714285719e-001 1.0312623571428572e+004
    7.6063829787234039e-001 3.3946428571428572e-001
    3.0421248809523809e+003 8.7004405286343600e-001
    3.7321428571428575e-002 2.5157667261904762e+003
    5.2364864864864857e-001 2.0714285714285716e-001
    3.1163790476190475e+003 8.5204081632653061e-001
    6.2648809523809523e-001 9.5357810119047626e+003
    8.4677419354838712e-001 5.9601190476190480e-001
    9.5455729166666661e+003 9.8979591836734693e-001
